30.002442 1.658006 9.528922 2.272960 0.347693 1.528646 1.604828 1.539732 11.223118
0.076843 4.963433 0.669031 4.680338 5.693807 9.903849 3.643723 9.861482 6.788157
33.450866 5.979239 11.389476 11.438180 8.795080 4.616160 0.480993 6.995203 6.776552
50.010630 4.262191 10.562410 7.494362 7.488187 3.548897 0.896159 3.524472 2.816878
50.022742 9.908811 5.334551 11.784751 6.939211 2.813082 9.727085 5.415290 2.999630
7.493997 11.295606 2.929297 11.485322 6.129900 6.774958 11.924594 9.251807 3.765623
0.071004 6.557809 6.609933 8.334441 11.129929 11.330524 10.839160 7.249275 11.114517
10.618600 3.417659 7.959822 7.227098 7.877555 3.719209 3.979726 2.258368 1.208201
5.969529 0.251901 0.921843 4.520573 1.790324 0.409163 9.386996 3.926941 9.809716
31.734707 9.866785 7.144014 9.379696 11.852095 9.459046 10.235051 5.827354 10.485073
0.071010 6.584696 0.186499 1.136236 6.177099 11.429792 10.116734 11.220147 11.680957
50.066333 10.698991 7.033678 11.264095 7.416959 3.008628 1.230449 6.556367 5.311747
0.072957 6.777798 0.589716 10.467375 10.320297 4.059095 11.688366 11.457300 11.863452
50.028685 1.892612 0.035020 2.978160 4.155481 2.800065 9.070694 2.711132 5.381319
31.501460 7.097770 2.720973 8.206124 3.847714 8.987023 11.977718 3.236800 11.182436
0.073037 5.334539 3.918971 3.447531 5.957424 2.180462 11.205502 11.282175 7.097557
44.721433 5.542801 10.009317 11.954068 11.666931 8.951152 2.399483 0.435951 2.263249
7.897708 3.195740 2.050498 6.723689 2.425086 5.908426 8.752409 11.459957 9.148420
0.078559 0.566016 0.670294 0.858144 0.188107 11.684148 8.817561 9.028627 0.399763
33.355082 11.954028 9.353799 11.872817 5.850635 1.535792 5.572407 8.911086 8.080699
33.261758 8.414486 9.655973 10.223823 1.412651 7.887164 9.035418 8.425545 7.261421
50.057523 7.871378 10.278451 3.251286 10.751373 2.505485 11.570018 4.972321 2.754783
50.054772 9.940364 10.902533 8.463561 2.919964 7.070779 11.266800 10.746024 7.274714
0.077632 3.033352 2.641144 2.829660 9.721554 8.428909 10.542058 8.532135 7.932963
0.076609 0.357025 10.400475 10.732971 5.966285 2.511444 8.659166 8.396593 5.528967
50.043343 6.087055 5.829605 10.340340 11.586179 9.116255 2.960153 8.115210 9.111665
50.021290 0.705932 2.687439 2.015779 11.142353 6.182772 8.080362 8.013603 0.977537
8.631161 10.045239 8.727548 0.233213 7.004958 11.050522 1.100136 6.654727 11.169634
0.078567 0.076517 11.038816 0.215547 0.352998 8.537423 6.460970 6.295063 6.026879
8.293196 0.809353 7.841878 2.931427 9.095019 3.588170 5.025781 0.669986 0.370276
0.079025 0.985905 0.837237 1.450675 8.134236 2.627235 2.847359 0.103615 8.725335
40.202152 7.515620 11.379345 6.196721 11.480443 3.264255 6.323880 10.934309 2.576222
0.078700 8.964212 3.719137 10.998049 9.387192 1.212561 3.373255 10.890063 1.333046
32.467721 11.794492 11.904123 10.753889 8.898964 7.976840 8.800352 5.230996 4.795586
7.225391 9.581331 1.927137 8.855170 9.084474 10.575733 5.150904 2.249793 3.636379
40.864200 0.190775 3.736733 2.313264 3.305616 0.320523 9.967682 9.171339 8.653886
0.082731 5.596536 5.099174 5.462521 8.345095 1.146939 8.801524 1.560210 5.958345
0.079893 3.715012 2.687648 8.343473 8.402783 10.221783 6.708715 6.843989 6.371044
5.962510 8.917935 1.731734 0.819181 6.385638 8.927463 10.028803 8.647956 10.651471
0.079166 7.219334 7.288453 5.626259 7.155763 8.681505 4.897328 7.171366 5.108516
0.079829 10.594384 6.142679 4.514434 10.605146 2.949142 1.968039 7.903246 3.067419
30.600254 8.944747 10.908880 7.014631 10.878040 0.680197 6.680838 0.035536 1.837875
30.511562 6.698875 5.011695 1.325368 6.632933 1.335367 2.832269 1.663849 3.938880
7.261634 4.157305 11.145080 10.659800 9.480534 0.893644 5.037567 4.760692 4.955168
0.078798 2.350350 11.697382 6.901085 6.998563 11.400260 1.200470 10.544806 10.697407
50.029348 11.949853 6.653367 7.873062 11.344185 2.695647 11.778217 2.047459 11.292722
31.358963 2.174303 1.167164 0.375778 0.122110 11.609362 10.656451 0.596224 8.042483
0.079702 6.489482 0.545717 6.166205 5.347487 5.896379 7.918674 6.064443 8.902316
50.039464 9.941648 9.760827 11.461135 2.197437 8.045140 8.827158 9.834617 8.172216
10.198907 9.066794 1.319840 0.406362 5.293172 1.557403 11.659229 11.281839 11.197436
32.989792 4.368474 4.823341 8.760896 11.461540 10.545586 7.316782 11.613189 7.609658
0.079946 4.671604 10.580198 10.719235 4.631998 8.730609 10.951796 10.849525 0.977428
0.079974 0.293640 0.477355 6.357824 11.200404 7.226575 7.214121 7.726395 11.063167
50.010810 6.314575 9.562982 3.284111 3.512203 4.177823 10.511674 1.119830 2.480165
50.019407 3.633109 4.218269 8.720970 10.635903 0.623114 0.942710 0.173833 2.320082
0.083360 3.454058 3.167648 3.118815 8.124960 6.237919 0.921045 0.670143 3.104740
0.081112 5.326468 11.949825 5.239040 3.653294 2.958124 11.529903 2.674572 4.747310
0.084979 3.869171 6.661975 9.894343 9.650970 0.292899 4.458066 5.902438 5.592627
35.262259 0.500566 7.404022 6.936395 3.585706 5.227993 1.639596 3.596649 9.136497
40.900081 3.010261 9.116099 10.779716 2.681046 8.079590 9.825430 11.387158 10.491784
30.198012 8.732036 10.287854 11.902114 9.113525 1.752492 3.915663 0.345433 8.334612
0.080085 11.524583 3.239077 11.392890 10.826811 2.335781 8.807418 2.098335 1.261693
6.938025 8.725814 9.201570 10.779908 9.201905 11.362601 6.428799 11.517369 11.738260
17.767149 6.265202 10.144321 10.776318 11.174745 5.491676 9.109939 11.265550 9.728409
36.017644 5.760202 8.958249 2.537069 2.981841 1.174069 8.504045 10.268951 9.468411
0.086108 9.933002 7.238859 9.814100 11.466566 7.804538 7.531768 7.758760 0.745598
30.563349 11.718711 5.123887 10.956165 10.767735 10.022743 0.575498 4.311367 3.549047
30.020813 11.979271 11.254772 6.647476 10.952369 7.625879 9.361149 6.806618 2.301140
0.081500 2.884583 11.535326 11.082615 3.290963 2.679348 3.025483 2.963921 2.874917
8.868071 6.026609 8.839205 1.345478 10.613879 6.354608 0.065927 1.954415 3.147913
31.726869 3.849423 7.395393 0.082730 0.755204 11.040300 10.873964 9.978446 10.964096
32.857398 9.097744 10.989009 7.556882 11.470909 9.061421 6.313334 10.201332 9.792371
30.766943 10.603472 6.266851 11.689517 9.073250 8.670841 0.031214 2.467365 3.124430
31.276321 5.561700 11.854227 4.620911 11.318810 2.004014 11.100049 9.052048 10.279193
32.777553 6.252188 10.379240 11.929299 10.061859 4.168766 8.992919 11.272954 8.016982
30.528767 8.472934 11.492313 11.278523 10.005090 1.862896 9.965186 5.569684 3.584261
0.081811 6.279664 9.979565 6.469588 3.117982 4.248461 2.240858 4.207881 2.276622
36.046862 8.894477 8.412946 8.936618 10.485909 11.569447 11.783003 11.023594 3.401764
0.081551 0.803849 9.085991 2.888556 2.770918 0.143861 1.589696 2.512639 2.570193
31.992688 8.173825 1.737920 0.693933 1.619304 0.177365 2.269406 0.850345 0.454317
0.081765 9.450612 10.789486 9.308207 10.049403 4.133048 2.294311 4.541267 3.076006
50.018092 8.632055 0.403118 7.387487 1.346218 0.607226 0.662523 0.314635 11.465227
0.083666 2.634009 11.242471 3.331496 11.437242 9.779190 4.195186 0.259273 4.092157
50.096021 9.826543 11.784587 11.627640 6.919468 2.801796 3.505181 8.085172 6.884864
31.357223 5.696520 11.329423 5.503447 10.199668 6.426629 5.209215 0.293204 6.052317
0.083731 5.865362 2.601996 9.994949 6.018527 1.232780 4.372319 9.849624 1.474122
50.021359 9.637008 3.652837 4.114155 7.912094 0.467574 9.265714 8.281015 11.126945
6.707956 0.744223 8.249599 8.708339 10.158353 6.645601 10.108761 0.587027 9.105653
40.765510 11.799604 1.717757 9.932441 10.573594 0.845403 5.734384 8.865058 8.804843
0.082909 3.673417 3.489415 5.166185 6.603291 1.469533 1.565101 2.745458 1.283081
0.083308 5.361483 7.660344 3.685653 5.320871 7.983239 9.867326 3.828256 7.884540
32.000717 6.064841 1.889352 3.660919 1.261215 10.447462 8.147408 9.922503 11.352832
31.095566 2.804236 11.745385 11.316257 11.772766 0.803568 2.343090 5.080872 6.444917
0.083197 2.269489 2.416036 7.204195 2.780669 6.798575 6.608996 4.056076 11.879082
30.063082 2.475878 1.883607 4.826874 5.250910 11.700762 11.120930 3.696770 10.350991
31.621394 11.681743 3.390698 10.247916 10.815936 10.053050 9.027357 3.109575 11.365662
31.016064 10.165588 10.108496 9.325876 5.685064 10.213986 11.150213 0.290924 8.749048
35.409931 5.595837 7.094325 11.813973 10.164090 11.720367 4.138263 3.328359 3.796887
30.250942 2.165892 0.360843 1.557342 3.787273 8.778415 9.275764 1.782825 9.549595
12.372452 5.775325 8.122865 4.829796 1.849092 6.734015 11.391906 11.511545 11.879290
30.028273 1.116483 5.254310 3.743658 4.549811 11.947108 10.433907 11.374879 3.051658
31.320616 11.336130 9.369468 9.900218 8.834217 9.524071 4.861890 1.567343 1.914677
30.301119 0.339994 5.202084 1.721737 9.696445 0.021057 1.154658 5.060100 2.821368
0.084848 3.684079 5.225628 3.724037 10.991625 7.901036 2.122879 7.741247 0.423513
7.553087 0.369489 3.413411 1.358325 0.859481 6.972184 0.131532 10.122016 0.792741
31.934206 6.554103 10.948070 11.011544 7.422504 10.925660 10.726334 4.143514 11.956624
0.515849 2.886744 3.388161 9.584841 7.043339 3.621033 3.553341 2.702465 6.065301
30.328019 0.417932 10.854081 11.168891 7.079954 0.677377 10.585914 10.194187 6.824877
32.861606 3.168703 1.702814 0.395647 3.471766 10.726394 1.957254 11.867744 1.575629
0.087594 1.978476 6.030774 6.381833 7.488030 11.574822 6.830090 6.932063 11.249853
30.636743 5.134872 9.107789 11.077992 10.465389 11.560375 3.561124 8.520464 10.813173
50.011827 10.490408 9.943216 0.422513 10.873630 7.535190 6.871153 8.858244 6.098658
0.085634 7.824115 1.326022 6.175518 5.772631 0.818062 4.666118 9.662439 9.439868
8.527007 1.439727 4.943717 9.576801 3.032641 7.049752 0.440801 8.179562 9.921839
33.933733 3.724237 5.119473 7.386863 2.916176 10.136599 10.593569 11.139074 6.751605
30.686678 11.481724 10.817604 8.407013 9.761665 10.397096 10.658558 2.765416 7.517706
32.824578 2.730785 6.818199 6.720975 3.373230 10.466389 10.147639 7.775745 8.684022
13.021334 1.232867 0.580590 11.266567 7.376825 11.902768 5.721334 11.791891 6.864800
50.020081 2.789964 1.404207 1.564517 8.901889 1.659759 2.245825 4.757709 4.031946
0.087367 2.737519 5.286942 1.186868 1.525389 9.619544 3.058597 5.999142 6.275947
50.049224 1.913492 2.443295 1.801074 11.492357 8.984176 2.477424 7.988416 2.634762
0.085366 8.374385 2.456302 8.128495 1.494100 7.145658 9.275019 6.954978 8.207210
0.086774 8.918832 3.527836 2.212111 1.955475 0.909480 5.243745 3.259437 2.845265
30.781571 11.106814 9.864435 8.238935 5.629930 10.655268 11.788307 0.388026 9.897274
0.090771 0.301980 11.533374 1.900734 11.203709 2.841181 0.906648 8.070666 1.011930
26.590517 0.055528 0.369009 4.520486 1.986184 3.674698 3.239694 3.686516 7.008263
0.087756 2.670825 3.848910 2.722211 0.261094 0.185681 9.406198 0.223765 10.832726
34.177063 0.311609 11.929439 8.935690 11.786821 11.416584 5.659293 11.850427 10.235053
32.837821 3.708924 11.420833 1.363784 1.407285 0.008345 3.637877 4.430176 1.444093
33.229314 11.789317 5.809308 1.736995 6.139999 11.922331 9.150827 11.592285 11.158567
8.156532 8.838216 2.440410 9.217924 2.895362 7.364802 4.149262 8.671582 1.406677
32.370195 9.645771 9.578270 11.942892 2.541653 3.948226 9.148102 9.081114 11.535319
30.101662 9.937154 9.694702 10.911061 7.713756 7.544226 1.421653 11.027668 7.487773
6.269359 10.161374 7.915908 9.355946 4.302752 2.209625 0.122155 1.030977 3.953606
20.599577 2.503347 1.859642 9.691258 0.808399 5.887238 7.181018 4.380242 8.262707
32.971756 10.282886 10.807662 11.417947 10.800562 0.078443 0.503186 10.450706 5.332807
33.183625 10.555309 11.912114 11.355035 5.740515 1.499931 0.769872 4.639979 6.698948
0.091570 4.588021 5.371600 4.318696 1.733604 9.799667 2.180538 9.995674 4.875548
31.877627 4.576910 7.430943 7.257123 6.426656 8.761340 4.515759 1.460903 4.403068
50.010194 4.262191 10.562410 7.494362 7.488187 3.548897 0.896159 3.524472 2.816878
50.045794 4.262191 10.562410 7.494362 7.488187 3.548897 0.896159 3.524472 2.816878
50.022391 4.262191 10.562410 7.494362 7.488187 3.548897 0.896159 3.524472 2.816878
50.001311 4.262191 10.562410 7.494362 7.488187 3.548897 0.896159 3.524472 2.816878
50.011852 4.262191 10.562410 7.494362 7.488187 3.548897 0.896159 3.524472 2.816878
