50.182806 4.262191 10.562410 7.494362 7.488187 3.548897 0.896159 3.524472 2.816878
31.028031 5.061135 10.988826 9.506488 11.513909 7.868888 0.428540 10.189552 11.207919
0.125636 4.219914 9.969944 7.023169 6.596683 11.006324 3.430068 9.086403 9.044749
0.083132 8.149626 4.746183 4.409240 11.855784 0.452866 10.622016 10.959442 9.554206
0.085468 11.744168 8.552334 6.005659 5.653060 0.715426 8.183663 0.509174 0.857346
0.081693 7.996066 6.469518 8.377266 7.998335 2.137589 1.536173 11.988965 2.053453
0.082679 7.074090 2.714252 4.615429 6.995837 3.021673 3.485288 7.405091 3.183371
0.082335 7.771412 8.148201 7.629441 11.342089 2.507219 8.511380 2.834767 1.432755
34.246756 4.854960 5.380475 4.389794 9.162056 7.534757 9.263765 11.194243 11.672890
30.051883 10.208552 6.726714 11.155306 8.360006 6.993492 9.784767 10.548167 11.866939
30.526731 8.854100 0.760854 10.325287 11.212861 11.812780 10.307266 9.426708 6.160529
0.081686 8.204587 1.584995 8.672694 1.324242 1.409914 7.688615 3.945771 7.845744
0.081846 5.092017 5.152269 1.498473 0.293208 3.482223 3.810247 7.844282 11.483231
6.827981 10.926840 9.606704 8.950170 9.757354 4.599676 7.407351 6.905938 6.360620
0.084597 6.409651 10.624313 10.788059 7.511252 1.654428 2.613619 2.185693 0.501838
23.631604 1.294667 2.186730 1.189143 5.877166 2.318944 10.750699 1.189076 0.529987
31.720189 9.078115 4.966809 5.908141 8.336919 11.672807 3.933060 10.053638 8.868867
43.250305 3.609828 11.272917 11.770844 3.439445 9.609843 10.753336 7.170319 10.608201
0.083033 3.898265 2.954737 4.112559 4.508306 6.558646 6.743042 4.749867 4.777571
8.698862 6.184407 7.890367 11.410982 8.668182 4.800957 9.982456 1.612060 0.725601
50.033238 7.361699 9.823689 10.634820 11.173340 2.289416 3.102987 10.774388 7.120342
37.709118 11.538703 9.148974 0.088184 8.160464 8.471409 7.741545 6.627718 2.617305
0.083127 0.584863 6.632786 3.297737 2.898021 2.917742 1.849913 11.476996 11.227937
30.049760 0.736817 5.955467 7.707783 2.655189 10.044677 11.652903 10.156475 6.071993
31.239636 9.164080 6.705847 2.206115 5.975386 6.214147 11.930916 10.258220 11.548847
31.719618 9.079568 11.945773 11.549177 6.420805 11.566442 1.387511 0.617380 3.652187
0.084841 10.745082 6.990222 6.992962 10.259111 0.418388 10.625041 4.892770 0.436584
30.417313 6.463217 11.900445 9.062645 11.765458 2.817392 6.342709 0.617233 9.082506
