51.876654 6.184407 7.890367 11.410982 8.668182 4.800957 9.982456 1.612060 0.725601
0.136726 4.219914 9.969944 7.023169 6.596683 11.006324 3.430068 9.086403 9.044749
0.131563 8.149626 4.746183 4.409240 11.855784 0.452866 10.622016 10.959442 9.554206
0.133700 11.744168 8.552334 6.005659 5.653060 0.715426 8.183663 0.509174 0.857346
0.132728 7.996066 6.469518 8.377266 7.998335 2.137589 1.536173 11.988965 2.053453
0.131862 7.074090 2.714252 4.615429 6.995837 3.021673 3.485288 7.405091 3.183371
0.127718 7.771412 8.148201 7.629441 11.342089 2.507219 8.511380 2.834767 1.432755
0.167187 8.204587 1.584995 8.672694 1.324242 1.409914 7.688615 3.945771 7.845744
0.127699 5.092017 5.152269 1.498473 0.293208 3.482223 3.810247 7.844282 11.483231
0.126479 6.409651 10.624313 10.788059 7.511252 1.654428 2.613619 2.185693 0.501838
100.071644 3.609828 11.272917 11.770844 3.439445 9.609843 10.753336 7.170319 10.608201
0.127648 3.898265 2.954737 4.112559 4.508306 6.558646 6.743042 4.749867 4.777571
100.036889 7.361699 9.823689 10.634820 11.173340 2.289416 3.102987 10.774388 7.120342
100.022544 11.538703 9.148974 0.088184 8.160464 8.471409 7.741545 6.627718 2.617305
0.127862 0.584863 6.632786 3.297737 2.898021 2.917742 1.849913 11.476996 11.227937
100.035152 8.971954 7.746414 1.478634 6.052774 4.167136 1.105772 1.774194 2.378036
0.130124 10.745082 6.990222 6.992962 10.259111 0.418388 10.625041 4.892770 0.436584
0.130384 9.466696 1.108781 2.854426 2.923775 1.257867 10.300233 8.378397 8.804906
0.129313 5.598144 5.977254 5.849168 2.753625 1.026627 0.808600 10.660691 2.798012
0.131965 10.861900 10.516212 11.997511 10.371056 0.442530 6.536189 11.971394 6.132098
0.131295 8.447434 11.187638 8.251831 6.820247 4.570170 7.614954 4.358743 4.891433
0.131238 5.758964 3.221282 3.097157 5.772114 2.728098 0.583228 2.030902 3.101356
0.130871 1.018857 2.573746 2.985587 2.719838 8.436053 9.049831 6.567440 6.641801
100.031550 1.816087 5.960648 9.703827 7.594426 8.260818 7.674843 8.751861 10.318148
0.131294 2.751675 2.186736 1.996230 1.795285 2.432969 11.459507 0.190900 11.490172
0.131039 11.087476 6.409714 4.401558 4.367354 1.816484 1.795303 4.209625 4.031593
0.138302 0.153068 7.264238 6.917416 9.688546 7.859617 10.538741 10.828475 1.826794
0.141080 2.666682 1.003305 0.884419 9.234620 9.812124 8.885106 9.098985 11.534340
0.138405 4.918730 4.454255 2.722249 5.352372 3.194657 5.509157 5.194864 3.115481
100.027842 3.364764 3.113129 6.565152 6.495222 9.457358 10.435267 9.450486 11.633134
100.011211 2.622453 10.451537 2.542031 10.039979 10.311620 6.280530 5.728354 10.678598
0.138187 4.963433 0.669031 4.680338 5.693807 9.903849 3.643723 9.861482 6.788157
0.139426 6.557809 6.609933 8.334441 11.129929 11.330524 10.839160 7.249275 11.114517
60.452775 9.866785 7.144014 9.379696 11.852095 9.459046 10.235051 5.827354 10.485073
0.139887 6.584696 0.186499 1.136236 6.177099 11.429792 10.116734 11.220147 11.680957
100.085612 10.698991 7.033678 11.264095 7.416959 3.008628 1.230449 6.556367 5.311747
0.141462 6.777798 0.589716 10.467375 10.320297 4.059095 11.688366 11.457300 11.863452
100.068359 1.892612 0.035020 2.978160 4.155481 2.800065 9.070694 2.711132 5.381319
0.140988 5.334539 3.918971 3.447531 5.957424 2.180462 11.205502 11.282175 7.097557
63.294094 5.542801 10.009317 11.954068 11.666931 8.951152 2.399483 0.435951 2.263249
0.141320 0.566016 0.670294 0.858144 0.188107 11.684148 8.817561 9.028627 0.399763
100.038339 7.871378 10.278451 3.251286 10.751373 2.505485 11.570018 4.972321 2.754783
0.141608 3.033352 2.641144 2.829660 9.721554 8.428909 10.542058 8.532135 7.932963
0.147078 0.357025 10.400475 10.732971 5.966285 2.511444 8.659166 8.396593 5.528967
100.077243 6.087055 5.829605 10.340340 11.586179 9.116255 2.960153 8.115210 9.111665
0.143522 0.076517 11.038816 0.215547 0.352998 8.537423 6.460970 6.295063 6.026879
100.075109 0.809353 7.841878 2.931427 9.095019 3.588170 5.025781 0.669986 0.370276
0.142830 0.985905 0.837237 1.450675 8.134236 2.627235 2.847359 0.103615 8.725335
100.082539 7.515620 11.379345 6.196721 11.480443 3.264255 6.323880 10.934309 2.576222
0.144114 8.964212 3.719137 10.998049 9.387192 1.212561 3.373255 10.890063 1.333046
0.143099 5.596536 5.099174 5.462521 8.345095 1.146939 8.801524 1.560210 5.958345
0.143756 3.715012 2.687648 8.343473 8.402783 10.221783 6.708715 6.843989 6.371044
0.143310 7.219334 7.288453 5.626259 7.155763 8.681505 4.897328 7.171366 5.108516
0.145698 10.594384 6.142679 4.514434 10.605146 2.949142 1.968039 7.903246 3.067419
0.144136 2.350350 11.697382 6.901085 6.998563 11.400260 1.200470 10.544806 10.697407
100.003687 11.949853 6.653367 7.873062 11.344185 2.695647 11.778217 2.047459 11.292722
0.146804 6.489482 0.545717 6.166205 5.347487 5.896379 7.918674 6.064443 8.902316
0.145737 4.671604 10.580198 10.719235 4.631998 8.730609 10.951796 10.849525 0.977428
100.075957 9.017705 2.658966 4.997398 9.490483 4.799542 0.541311 2.412544 0.514354
0.145279 0.293640 0.477355 6.357824 11.200404 7.226575 7.214121 7.726395 11.063167
0.145238 3.454058 3.167648 3.118815 8.124960 6.237919 0.921045 0.670143 3.104740
0.146265 5.326468 11.949825 5.239040 3.653294 2.958124 11.529903 2.674572 4.747310
0.144858 3.869171 6.661975 9.894343 9.650970 0.292899 4.458066 5.902438 5.592627
100.090417 3.010261 9.116099 10.779716 2.681046 8.079590 9.825430 11.387158 10.491784