4.805134 1.892612 0.035020 2.978160 4.155481 2.800065 9.070694 2.711132 5.381319
10.291404 7.871378 10.278451 3.251286 10.751373 2.505485 11.570018 4.972321 2.754783
4.833399 1.892612 0.035020 2.978160 4.155481 2.800065 9.070694 2.711132 5.381319
10.206817 7.871378 10.278451 3.251286 10.751373 2.505485 11.570018 4.972321 2.754783
9.734874 10.926840 9.606704 8.950170 9.757354 4.599676 7.407351 6.905938 6.360620
100.007957 1.294667 2.186730 1.189143 5.877166 2.318944 10.750699 1.189076 0.529987
11.935519 10.688254 5.888052 9.669882 3.917267 6.598550 4.665412 10.761948 8.113441
100.011889 1.658006 9.528922 2.272960 0.347693 1.528646 1.604828 1.539732 11.223118
11.369083 11.295606 2.929297 11.485322 6.129900 6.774958 11.924594 9.251807 3.765623
4.840005 1.892612 0.035020 2.978160 4.155481 2.800065 9.070694 2.711132 5.381319
100.024414 3.195740 2.050498 6.723689 2.425086 5.908426 8.752409 11.459957 9.148420
10.305808 7.871378 10.278451 3.251286 10.751373 2.505485 11.570018 4.972321 2.754783
100.000896 8.917935 1.731734 0.819181 6.385638 8.927463 10.028803 8.647956 10.651471
6.011717 9.941648 9.760827 11.461135 2.197437 8.045140 8.827158 9.834617 8.172216
100.020589 6.314575 9.562982 3.284111 3.512203 4.177823 10.511674 1.119830 2.480165
7.942896 6.265202 10.144321 10.776318 11.174745 5.491676 9.109939 11.265550 9.728409
7.386971 3.168703 1.702814 0.395647 3.471766 10.726394 1.957254 11.867744 1.575629
100.039997 2.730785 6.818199 6.720975 3.373230 10.466389 10.147639 7.775745 8.684022
100.023582 0.055528 0.369009 4.520486 1.986184 3.674698 3.239694 3.686516 7.008263
100.019298 2.503347 1.859642 9.691258 0.808399 5.887238 7.181018 4.380242 8.262707
100.027757 8.241305 2.202134 4.421815 7.507423 9.362729 0.973509 11.152632 9.308552
2.417398 1.183129 1.704327 2.019016 2.354987 3.809757 3.797148 2.610760 3.012502
9.425944 10.926840 9.606704 8.950170 9.757354 4.599676 7.407351 6.905938 6.360620
100.026736 1.294667 2.186730 1.189143 5.877166 2.318944 10.750699 1.189076 0.529987
3.536503 8.884386 8.313821 9.888939 9.935731 3.520415 3.712431 6.276358 3.903588
100.009507 3.036771 11.004681 9.098334 10.644369 0.825578 2.202338 8.844872 8.360578
1.882716 10.957833 8.190214 11.360802 1.189068 6.132347 1.321540 6.543143 8.265431
11.759704 10.688254 5.888052 9.669882 3.917267 6.598550 4.665412 10.761948 8.113441
100.045385 1.658006 9.528922 2.272960 0.347693 1.528646 1.604828 1.539732 11.223118
11.231842 11.295606 2.929297 11.485322 6.129900 6.774958 11.924594 9.251807 3.765623
4.809144 1.892612 0.035020 2.978160 4.155481 2.800065 9.070694 2.711132 5.381319
100.035257 3.195740 2.050498 6.723689 2.425086 5.908426 8.752409 11.459957 9.148420
10.243182 7.871378 10.278451 3.251286 10.751373 2.505485 11.570018 4.972321 2.754783
100.003097 2.814186 8.483810 8.329972 3.181450 3.918883 1.118807 0.499192 9.111362
100.022117 11.631700 4.695684 3.763021 6.639763 9.504577 9.579769 10.359102 9.575546
100.019674 0.836977 0.121749 1.100160 7.289220 0.673026 7.897205 6.909839 0.886024
100.021834 0.059272 1.501010 9.300849 0.244636 1.711593 3.844929 10.857000 7.369867
100.017135 8.917935 1.731734 0.819181 6.385638 8.927463 10.028803 8.647956 10.651471
100.004003 1.891239 3.319269 3.584505 0.070852 2.743824 8.041414 11.779987 3.073785
100.021462 2.234779 2.504940 6.365171 1.011423 2.889235 7.614632 1.332911 7.288136
