35.119912 7.361699 9.823689 10.634820 11.173340 2.289416 3.102987 10.774388 7.120342
34.661944 11.538703 9.148974 0.088184 8.160464 8.471409 7.741545 6.627718 2.617305
100.043138 5.542801 10.009317 11.954068 11.666931 8.951152 2.399483 0.435951 2.263249
36.959682 7.871378 10.278451 3.251286 10.751373 2.505485 11.570018 4.972321 2.754783
41.288106 11.949853 6.653367 7.873062 11.344185 2.695647 11.778217 2.047459 11.292722
100.026414 10.926840 9.606704 8.950170 9.757354 4.599676 7.407351 6.905938 6.360620
35.543487 7.361699 9.823689 10.634820 11.173340 2.289416 3.102987 10.774388 7.120342
34.479665 11.538703 9.148974 0.088184 8.160464 8.471409 7.741545 6.627718 2.617305
100.066581 9.079568 11.945773 11.549177 6.420805 11.566442 1.387511 0.617380 3.652187
100.050990 6.463217 11.900445 9.062645 11.765458 2.817392 6.342709 0.617233 9.082506
100.019424 10.339149 8.540821 10.473756 11.256024 1.676271 4.726802 11.766754 7.737528
100.053682 10.985719 10.747158 5.790079 5.312880 3.741059 0.663765 9.045501 1.583370
100.035651 9.812253 11.774108 10.343878 1.005851 4.052544 2.833550 3.813665 11.813381
16.580551 6.343329 10.969622 11.687162 7.025112 1.427705 11.118391 7.122729 10.603384
100.068894 6.061033 4.503987 5.764467 4.109057 9.325757 4.607326 8.538677 5.771201
100.006494 7.215014 3.854261 3.411517 5.223790 10.845109 11.101268 6.063509 7.530982
