0.176831 11.524583 3.239077 11.392890 10.826811 2.335781 8.807418 2.098335 1.261693
0.136377 4.219914 9.969944 7.023169 6.596683 11.006324 3.430068 9.086403 9.044749
0.132384 8.149626 4.746183 4.409240 11.855784 0.452866 10.622016 10.959442 9.554206
0.134592 11.744168 8.552334 6.005659 5.653060 0.715426 8.183663 0.509174 0.857346
0.132825 7.996066 6.469518 8.377266 7.998335 2.137589 1.536173 11.988965 2.053453
0.132679 7.074090 2.714252 4.615429 6.995837 3.021673 3.485288 7.405091 3.183371
0.134323 7.771412 8.148201 7.629441 11.342089 2.507219 8.511380 2.834767 1.432755
0.132273 8.204587 1.584995 8.672694 1.324242 1.409914 7.688615 3.945771 7.845744
0.133568 5.092017 5.152269 1.498473 0.293208 3.482223 3.810247 7.844282 11.483231
0.133992 6.409651 10.624313 10.788059 7.511252 1.654428 2.613619 2.185693 0.501838
0.133186 3.898265 2.954737 4.112559 4.508306 6.558646 6.743042 4.749867 4.777571
35.119912 7.361699 9.823689 10.634820 11.173340 2.289416 3.102987 10.774388 7.120342
34.661944 11.538703 9.148974 0.088184 8.160464 8.471409 7.741545 6.627718 2.617305
0.138626 0.584863 6.632786 3.297737 2.898021 2.917742 1.849913 11.476996 11.227937
0.133694 10.745082 6.990222 6.992962 10.259111 0.418388 10.625041 4.892770 0.436584
0.131666 9.466696 1.108781 2.854426 2.923775 1.257867 10.300233 8.378397 8.804906
0.132925 5.598144 5.977254 5.849168 2.753625 1.026627 0.808600 10.660691 2.798012
0.133167 10.861900 10.516212 11.997511 10.371056 0.442530 6.536189 11.971394 6.132098
0.134348 8.447434 11.187638 8.251831 6.820247 4.570170 7.614954 4.358743 4.891433
0.133351 5.758964 3.221282 3.097157 5.772114 2.728098 0.583228 2.030902 3.101356
0.132525 1.018857 2.573746 2.985587 2.719838 8.436053 9.049831 6.567440 6.641801
0.132937 2.751675 2.186736 1.996230 1.795285 2.432969 11.459507 0.190900 11.490172
0.133937 11.087476 6.409714 4.401558 4.367354 1.816484 1.795303 4.209625 4.031593
0.135448 0.153068 7.264238 6.917416 9.688546 7.859617 10.538741 10.828475 1.826794
0.133676 2.666682 1.003305 0.884419 9.234620 9.812124 8.885106 9.098985 11.534340
0.132657 4.918730 4.454255 2.722249 5.352372 3.194657 5.509157 5.194864 3.115481
0.134232 4.963433 0.669031 4.680338 5.693807 9.903849 3.643723 9.861482 6.788157
0.138447 6.557809 6.609933 8.334441 11.129929 11.330524 10.839160 7.249275 11.114517
0.131943 6.584696 0.186499 1.136236 6.177099 11.429792 10.116734 11.220147 11.680957
0.133292 6.777798 0.589716 10.467375 10.320297 4.059095 11.688366 11.457300 11.863452
9.291312 1.892612 0.035020 2.978160 4.155481 2.800065 9.070694 2.711132 5.381319
0.135512 5.334539 3.918971 3.447531 5.957424 2.180462 11.205502 11.282175 7.097557
100.043138 5.542801 10.009317 11.954068 11.666931 8.951152 2.399483 0.435951 2.263249
0.131657 0.566016 0.670294 0.858144 0.188107 11.684148 8.817561 9.028627 0.399763
36.959682 7.871378 10.278451 3.251286 10.751373 2.505485 11.570018 4.972321 2.754783
0.136080 3.033352 2.641144 2.829660 9.721554 8.428909 10.542058 8.532135 7.932963
0.134274 0.357025 10.400475 10.732971 5.966285 2.511444 8.659166 8.396593 5.528967
0.132469 0.076517 11.038816 0.215547 0.352998 8.537423 6.460970 6.295063 6.026879
0.132872 0.985905 0.837237 1.450675 8.134236 2.627235 2.847359 0.103615 8.725335
0.133110 8.964212 3.719137 10.998049 9.387192 1.212561 3.373255 10.890063 1.333046
0.133734 5.596536 5.099174 5.462521 8.345095 1.146939 8.801524 1.560210 5.958345
0.134963 3.715012 2.687648 8.343473 8.402783 10.221783 6.708715 6.843989 6.371044
0.136501 7.219334 7.288453 5.626259 7.155763 8.681505 4.897328 7.171366 5.108516
0.137136 10.594384 6.142679 4.514434 10.605146 2.949142 1.968039 7.903246 3.067419
0.132910 2.350350 11.697382 6.901085 6.998563 11.400260 1.200470 10.544806 10.697407
41.288106 11.949853 6.653367 7.873062 11.344185 2.695647 11.778217 2.047459 11.292722
0.133713 6.489482 0.545717 6.166205 5.347487 5.896379 7.918674 6.064443 8.902316
0.131728 4.671604 10.580198 10.719235 4.631998 8.730609 10.951796 10.849525 0.977428
0.131744 0.293640 0.477355 6.357824 11.200404 7.226575 7.214121 7.726395 11.063167
0.132534 3.454058 3.167648 3.118815 8.124960 6.237919 0.921045 0.670143 3.104740
0.132079 5.326468 11.949825 5.239040 3.653294 2.958124 11.529903 2.674572 4.747310
0.133362 3.869171 6.661975 9.894343 9.650970 0.292899 4.458066 5.902438 5.592627
51.876654 6.184407 7.890367 11.410982 8.668182 4.800957 9.982456 1.612060 0.725601
0.136726 4.219914 9.969944 7.023169 6.596683 11.006324 3.430068 9.086403 9.044749
0.131563 8.149626 4.746183 4.409240 11.855784 0.452866 10.622016 10.959442 9.554206
0.133700 11.744168 8.552334 6.005659 5.653060 0.715426 8.183663 0.509174 0.857346
0.132728 7.996066 6.469518 8.377266 7.998335 2.137589 1.536173 11.988965 2.053453
0.131862 7.074090 2.714252 4.615429 6.995837 3.021673 3.485288 7.405091 3.183371
0.127718 7.771412 8.148201 7.629441 11.342089 2.507219 8.511380 2.834767 1.432755
0.167187 8.204587 1.584995 8.672694 1.324242 1.409914 7.688615 3.945771 7.845744
0.127699 5.092017 5.152269 1.498473 0.293208 3.482223 3.810247 7.844282 11.483231
0.126479 6.409651 10.624313 10.788059 7.511252 1.654428 2.613619 2.185693 0.501838
100.071644 3.609828 11.272917 11.770844 3.439445 9.609843 10.753336 7.170319 10.608201
0.127648 3.898265 2.954737 4.112559 4.508306 6.558646 6.743042 4.749867 4.777571
100.036889 7.361699 9.823689 10.634820 11.173340 2.289416 3.102987 10.774388 7.120342
100.022544 11.538703 9.148974 0.088184 8.160464 8.471409 7.741545 6.627718 2.617305
0.127862 0.584863 6.632786 3.297737 2.898021 2.917742 1.849913 11.476996 11.227937
100.035152 8.971954 7.746414 1.478634 6.052774 4.167136 1.105772 1.774194 2.378036
0.130124 10.745082 6.990222 6.992962 10.259111 0.418388 10.625041 4.892770 0.436584
0.130384 9.466696 1.108781 2.854426 2.923775 1.257867 10.300233 8.378397 8.804906
0.129313 5.598144 5.977254 5.849168 2.753625 1.026627 0.808600 10.660691 2.798012
0.131965 10.861900 10.516212 11.997511 10.371056 0.442530 6.536189 11.971394 6.132098
0.131295 8.447434 11.187638 8.251831 6.820247 4.570170 7.614954 4.358743 4.891433
0.131238 5.758964 3.221282 3.097157 5.772114 2.728098 0.583228 2.030902 3.101356
0.130871 1.018857 2.573746 2.985587 2.719838 8.436053 9.049831 6.567440 6.641801
100.031550 1.816087 5.960648 9.703827 7.594426 8.260818 7.674843 8.751861 10.318148
0.131294 2.751675 2.186736 1.996230 1.795285 2.432969 11.459507 0.190900 11.490172
0.131039 11.087476 6.409714 4.401558 4.367354 1.816484 1.795303 4.209625 4.031593
0.138302 0.153068 7.264238 6.917416 9.688546 7.859617 10.538741 10.828475 1.826794
0.141080 2.666682 1.003305 0.884419 9.234620 9.812124 8.885106 9.098985 11.534340
0.138405 4.918730 4.454255 2.722249 5.352372 3.194657 5.509157 5.194864 3.115481
100.027842 3.364764 3.113129 6.565152 6.495222 9.457358 10.435267 9.450486 11.633134
100.011211 2.622453 10.451537 2.542031 10.039979 10.311620 6.280530 5.728354 10.678598
0.138187 4.963433 0.669031 4.680338 5.693807 9.903849 3.643723 9.861482 6.788157
0.139426 6.557809 6.609933 8.334441 11.129929 11.330524 10.839160 7.249275 11.114517
60.452775 9.866785 7.144014 9.379696 11.852095 9.459046 10.235051 5.827354 10.485073
0.139887 6.584696 0.186499 1.136236 6.177099 11.429792 10.116734 11.220147 11.680957
100.085612 10.698991 7.033678 11.264095 7.416959 3.008628 1.230449 6.556367 5.311747
0.141462 6.777798 0.589716 10.467375 10.320297 4.059095 11.688366 11.457300 11.863452
100.068359 1.892612 0.035020 2.978160 4.155481 2.800065 9.070694 2.711132 5.381319
0.140988 5.334539 3.918971 3.447531 5.957424 2.180462 11.205502 11.282175 7.097557
63.294094 5.542801 10.009317 11.954068 11.666931 8.951152 2.399483 0.435951 2.263249
0.141320 0.566016 0.670294 0.858144 0.188107 11.684148 8.817561 9.028627 0.399763
100.038339 7.871378 10.278451 3.251286 10.751373 2.505485 11.570018 4.972321 2.754783
0.141608 3.033352 2.641144 2.829660 9.721554 8.428909 10.542058 8.532135 7.932963
0.147078 0.357025 10.400475 10.732971 5.966285 2.511444 8.659166 8.396593 5.528967
100.077243 6.087055 5.829605 10.340340 11.586179 9.116255 2.960153 8.115210 9.111665
0.143522 0.076517 11.038816 0.215547 0.352998 8.537423 6.460970 6.295063 6.026879
100.075109 0.809353 7.841878 2.931427 9.095019 3.588170 5.025781 0.669986 0.370276
0.142830 0.985905 0.837237 1.450675 8.134236 2.627235 2.847359 0.103615 8.725335
100.082539 7.515620 11.379345 6.196721 11.480443 3.264255 6.323880 10.934309 2.576222
0.144114 8.964212 3.719137 10.998049 9.387192 1.212561 3.373255 10.890063 1.333046
0.143099 5.596536 5.099174 5.462521 8.345095 1.146939 8.801524 1.560210 5.958345
0.143756 3.715012 2.687648 8.343473 8.402783 10.221783 6.708715 6.843989 6.371044
0.143310 7.219334 7.288453 5.626259 7.155763 8.681505 4.897328 7.171366 5.108516
0.145698 10.594384 6.142679 4.514434 10.605146 2.949142 1.968039 7.903246 3.067419
0.144136 2.350350 11.697382 6.901085 6.998563 11.400260 1.200470 10.544806 10.697407
100.003687 11.949853 6.653367 7.873062 11.344185 2.695647 11.778217 2.047459 11.292722
0.146804 6.489482 0.545717 6.166205 5.347487 5.896379 7.918674 6.064443 8.902316
0.145737 4.671604 10.580198 10.719235 4.631998 8.730609 10.951796 10.849525 0.977428
100.075957 9.017705 2.658966 4.997398 9.490483 4.799542 0.541311 2.412544 0.514354
0.145279 0.293640 0.477355 6.357824 11.200404 7.226575 7.214121 7.726395 11.063167
0.145238 3.454058 3.167648 3.118815 8.124960 6.237919 0.921045 0.670143 3.104740
0.146265 5.326468 11.949825 5.239040 3.653294 2.958124 11.529903 2.674572 4.747310
0.144858 3.869171 6.661975 9.894343 9.650970 0.292899 4.458066 5.902438 5.592627
100.090417 3.010261 9.116099 10.779716 2.681046 8.079590 9.825430 11.387158 10.491784
50.182806 4.262191 10.562410 7.494362 7.488187 3.548897 0.896159 3.524472 2.816878
31.028031 5.061135 10.988826 9.506488 11.513909 7.868888 0.428540 10.189552 11.207919
0.125636 4.219914 9.969944 7.023169 6.596683 11.006324 3.430068 9.086403 9.044749
0.083132 8.149626 4.746183 4.409240 11.855784 0.452866 10.622016 10.959442 9.554206
0.085468 11.744168 8.552334 6.005659 5.653060 0.715426 8.183663 0.509174 0.857346
0.081693 7.996066 6.469518 8.377266 7.998335 2.137589 1.536173 11.988965 2.053453
0.082679 7.074090 2.714252 4.615429 6.995837 3.021673 3.485288 7.405091 3.183371
0.082335 7.771412 8.148201 7.629441 11.342089 2.507219 8.511380 2.834767 1.432755
34.246756 4.854960 5.380475 4.389794 9.162056 7.534757 9.263765 11.194243 11.672890
30.051883 10.208552 6.726714 11.155306 8.360006 6.993492 9.784767 10.548167 11.866939
30.526731 8.854100 0.760854 10.325287 11.212861 11.812780 10.307266 9.426708 6.160529
0.081686 8.204587 1.584995 8.672694 1.324242 1.409914 7.688615 3.945771 7.845744
0.081846 5.092017 5.152269 1.498473 0.293208 3.482223 3.810247 7.844282 11.483231
6.827981 10.926840 9.606704 8.950170 9.757354 4.599676 7.407351 6.905938 6.360620
0.084597 6.409651 10.624313 10.788059 7.511252 1.654428 2.613619 2.185693 0.501838
23.631604 1.294667 2.186730 1.189143 5.877166 2.318944 10.750699 1.189076 0.529987
31.720189 9.078115 4.966809 5.908141 8.336919 11.672807 3.933060 10.053638 8.868867
43.250305 3.609828 11.272917 11.770844 3.439445 9.609843 10.753336 7.170319 10.608201
0.083033 3.898265 2.954737 4.112559 4.508306 6.558646 6.743042 4.749867 4.777571
8.698862 6.184407 7.890367 11.410982 8.668182 4.800957 9.982456 1.612060 0.725601
50.033238 7.361699 9.823689 10.634820 11.173340 2.289416 3.102987 10.774388 7.120342
37.709118 11.538703 9.148974 0.088184 8.160464 8.471409 7.741545 6.627718 2.617305
0.083127 0.584863 6.632786 3.297737 2.898021 2.917742 1.849913 11.476996 11.227937
30.049760 0.736817 5.955467 7.707783 2.655189 10.044677 11.652903 10.156475 6.071993
31.239636 9.164080 6.705847 2.206115 5.975386 6.214147 11.930916 10.258220 11.548847
31.719618 9.079568 11.945773 11.549177 6.420805 11.566442 1.387511 0.617380 3.652187
0.084841 10.745082 6.990222 6.992962 10.259111 0.418388 10.625041 4.892770 0.436584
30.417313 6.463217 11.900445 9.062645 11.765458 2.817392 6.342709 0.617233 9.082506
0.085254 9.466696 1.108781 2.854426 2.923775 1.257867 10.300233 8.378397 8.804906
30.408099 8.447629 4.579331 6.812220 10.654331 10.115391 10.785583 11.268037 9.785222
0.086341 5.598144 5.977254 5.849168 2.753625 1.026627 0.808600 10.660691 2.798012
30.124656 10.339149 8.540821 10.473756 11.256024 1.676271 4.726802 11.766754 7.737528
33.970999 2.318428 7.397056 3.228127 6.716135 11.337408 8.573660 8.150636 11.512567
0.085819 10.861900 10.516212 11.997511 10.371056 0.442530 6.536189 11.971394 6.132098
30.084173 10.929627 10.622640 9.535073 11.109718 2.146079 6.210494 7.524064 10.958188
8.131978 10.985719 10.747158 5.790079 5.312880 3.741059 0.663765 9.045501 1.583370
30.523469 8.890124 8.851597 11.362992 6.121196 9.502550 5.426082 10.190384 4.685170
0.087380 8.447434 11.187638 8.251831 6.820247 4.570170 7.614954 4.358743 4.891433
30.431296 9.812253 11.774108 10.343878 1.005851 4.052544 2.833550 3.813665 11.813381
0.087749 5.758964 3.221282 3.097157 5.772114 2.728098 0.583228 2.030902 3.101356
31.798319 6.343329 10.969622 11.687162 7.025112 1.427705 11.118391 7.122729 10.603384
0.087939 1.018857 2.573746 2.985587 2.719838 8.436053 9.049831 6.567440 6.641801
3.763159 6.061033 4.503987 5.764467 4.109057 9.325757 4.607326 8.538677 5.771201
30.124286 1.513186 3.601401 0.025464 11.413288 9.195592 9.015650 1.666378 4.191835
0.086439 2.751675 2.186736 1.996230 1.795285 2.432969 11.459507 0.190900 11.490172
32.608072 10.198726 11.964497 0.052711 6.511290 10.336178 10.909668 10.144207 10.546475
30.048746 11.122315 0.099548 9.895540 9.208030 11.965643 2.731837 11.034506 7.703992
8.187233 7.215014 3.854261 3.411517 5.223790 10.845109 11.101268 6.063509 7.530982
0.082599 11.087476 6.409714 4.401558 4.367354 1.816484 1.795303 4.209625 4.031593
8.514749 10.688254 5.888052 9.669882 3.917267 6.598550 4.665412 10.761948 8.113441
0.087340 0.153068 7.264238 6.917416 9.688546 7.859617 10.538741 10.828475 1.826794
30.002442 1.658006 9.528922 2.272960 0.347693 1.528646 1.604828 1.539732 11.223118
0.076843 4.963433 0.669031 4.680338 5.693807 9.903849 3.643723 9.861482 6.788157
33.450866 5.979239 11.389476 11.438180 8.795080 4.616160 0.480993 6.995203 6.776552
50.010630 4.262191 10.562410 7.494362 7.488187 3.548897 0.896159 3.524472 2.816878
50.022742 9.908811 5.334551 11.784751 6.939211 2.813082 9.727085 5.415290 2.999630
7.493997 11.295606 2.929297 11.485322 6.129900 6.774958 11.924594 9.251807 3.765623
0.071004 6.557809 6.609933 8.334441 11.129929 11.330524 10.839160 7.249275 11.114517
10.618600 3.417659 7.959822 7.227098 7.877555 3.719209 3.979726 2.258368 1.208201
5.969529 0.251901 0.921843 4.520573 1.790324 0.409163 9.386996 3.926941 9.809716
31.734707 9.866785 7.144014 9.379696 11.852095 9.459046 10.235051 5.827354 10.485073
0.071010 6.584696 0.186499 1.136236 6.177099 11.429792 10.116734 11.220147 11.680957
50.066333 10.698991 7.033678 11.264095 7.416959 3.008628 1.230449 6.556367 5.311747
0.072957 6.777798 0.589716 10.467375 10.320297 4.059095 11.688366 11.457300 11.863452
50.028685 1.892612 0.035020 2.978160 4.155481 2.800065 9.070694 2.711132 5.381319
31.501460 7.097770 2.720973 8.206124 3.847714 8.987023 11.977718 3.236800 11.182436
0.073037 5.334539 3.918971 3.447531 5.957424 2.180462 11.205502 11.282175 7.097557
44.721433 5.542801 10.009317 11.954068 11.666931 8.951152 2.399483 0.435951 2.263249
7.897708 3.195740 2.050498 6.723689 2.425086 5.908426 8.752409 11.459957 9.148420
0.078559 0.566016 0.670294 0.858144 0.188107 11.684148 8.817561 9.028627 0.399763
33.355082 11.954028 9.353799 11.872817 5.850635 1.535792 5.572407 8.911086 8.080699
33.261758 8.414486 9.655973 10.223823 1.412651 7.887164 9.035418 8.425545 7.261421
50.057523 7.871378 10.278451 3.251286 10.751373 2.505485 11.570018 4.972321 2.754783
50.054772 9.940364 10.902533 8.463561 2.919964 7.070779 11.266800 10.746024 7.274714
0.077632 3.033352 2.641144 2.829660 9.721554 8.428909 10.542058 8.532135 7.932963
0.076609 0.357025 10.400475 10.732971 5.966285 2.511444 8.659166 8.396593 5.528967
50.043343 6.087055 5.829605 10.340340 11.586179 9.116255 2.960153 8.115210 9.111665
50.021290 0.705932 2.687439 2.015779 11.142353 6.182772 8.080362 8.013603 0.977537
8.631161 10.045239 8.727548 0.233213 7.004958 11.050522 1.100136 6.654727 11.169634
0.078567 0.076517 11.038816 0.215547 0.352998 8.537423 6.460970 6.295063 6.026879
8.293196 0.809353 7.841878 2.931427 9.095019 3.588170 5.025781 0.669986 0.370276
0.079025 0.985905 0.837237 1.450675 8.134236 2.627235 2.847359 0.103615 8.725335
40.202152 7.515620 11.379345 6.196721 11.480443 3.264255 6.323880 10.934309 2.576222
0.078700 8.964212 3.719137 10.998049 9.387192 1.212561 3.373255 10.890063 1.333046
32.467721 11.794492 11.904123 10.753889 8.898964 7.976840 8.800352 5.230996 4.795586
7.225391 9.581331 1.927137 8.855170 9.084474 10.575733 5.150904 2.249793 3.636379
40.864200 0.190775 3.736733 2.313264 3.305616 0.320523 9.967682 9.171339 8.653886
0.082731 5.596536 5.099174 5.462521 8.345095 1.146939 8.801524 1.560210 5.958345
0.079893 3.715012 2.687648 8.343473 8.402783 10.221783 6.708715 6.843989 6.371044
5.962510 8.917935 1.731734 0.819181 6.385638 8.927463 10.028803 8.647956 10.651471
0.079166 7.219334 7.288453 5.626259 7.155763 8.681505 4.897328 7.171366 5.108516
0.079829 10.594384 6.142679 4.514434 10.605146 2.949142 1.968039 7.903246 3.067419
30.600254 8.944747 10.908880 7.014631 10.878040 0.680197 6.680838 0.035536 1.837875
30.511562 6.698875 5.011695 1.325368 6.632933 1.335367 2.832269 1.663849 3.938880
7.261634 4.157305 11.145080 10.659800 9.480534 0.893644 5.037567 4.760692 4.955168
0.078798 2.350350 11.697382 6.901085 6.998563 11.400260 1.200470 10.544806 10.697407
50.029348 11.949853 6.653367 7.873062 11.344185 2.695647 11.778217 2.047459 11.292722
31.358963 2.174303 1.167164 0.375778 0.122110 11.609362 10.656451 0.596224 8.042483
0.079702 6.489482 0.545717 6.166205 5.347487 5.896379 7.918674 6.064443 8.902316
50.039464 9.941648 9.760827 11.461135 2.197437 8.045140 8.827158 9.834617 8.172216
10.198907 9.066794 1.319840 0.406362 5.293172 1.557403 11.659229 11.281839 11.197436
32.989792 4.368474 4.823341 8.760896 11.461540 10.545586 7.316782 11.613189 7.609658
0.079946 4.671604 10.580198 10.719235 4.631998 8.730609 10.951796 10.849525 0.977428
0.079974 0.293640 0.477355 6.357824 11.200404 7.226575 7.214121 7.726395 11.063167
50.010810 6.314575 9.562982 3.284111 3.512203 4.177823 10.511674 1.119830 2.480165
50.019407 3.633109 4.218269 8.720970 10.635903 0.623114 0.942710 0.173833 2.320082
0.083360 3.454058 3.167648 3.118815 8.124960 6.237919 0.921045 0.670143 3.104740
0.081112 5.326468 11.949825 5.239040 3.653294 2.958124 11.529903 2.674572 4.747310
0.084979 3.869171 6.661975 9.894343 9.650970 0.292899 4.458066 5.902438 5.592627
35.262259 0.500566 7.404022 6.936395 3.585706 5.227993 1.639596 3.596649 9.136497
40.900081 3.010261 9.116099 10.779716 2.681046 8.079590 9.825430 11.387158 10.491784
30.198012 8.732036 10.287854 11.902114 9.113525 1.752492 3.915663 0.345433 8.334612
0.080085 11.524583 3.239077 11.392890 10.826811 2.335781 8.807418 2.098335 1.261693
6.938025 8.725814 9.201570 10.779908 9.201905 11.362601 6.428799 11.517369 11.738260
17.767149 6.265202 10.144321 10.776318 11.174745 5.491676 9.109939 11.265550 9.728409
36.017644 5.760202 8.958249 2.537069 2.981841 1.174069 8.504045 10.268951 9.468411
0.086108 9.933002 7.238859 9.814100 11.466566 7.804538 7.531768 7.758760 0.745598
30.563349 11.718711 5.123887 10.956165 10.767735 10.022743 0.575498 4.311367 3.549047
30.020813 11.979271 11.254772 6.647476 10.952369 7.625879 9.361149 6.806618 2.301140
0.081500 2.884583 11.535326 11.082615 3.290963 2.679348 3.025483 2.963921 2.874917
8.868071 6.026609 8.839205 1.345478 10.613879 6.354608 0.065927 1.954415 3.147913
31.726869 3.849423 7.395393 0.082730 0.755204 11.040300 10.873964 9.978446 10.964096
32.857398 9.097744 10.989009 7.556882 11.470909 9.061421 6.313334 10.201332 9.792371
30.766943 10.603472 6.266851 11.689517 9.073250 8.670841 0.031214 2.467365 3.124430
31.276321 5.561700 11.854227 4.620911 11.318810 2.004014 11.100049 9.052048 10.279193
32.777553 6.252188 10.379240 11.929299 10.061859 4.168766 8.992919 11.272954 8.016982
30.528767 8.472934 11.492313 11.278523 10.005090 1.862896 9.965186 5.569684 3.584261
0.081811 6.279664 9.979565 6.469588 3.117982 4.248461 2.240858 4.207881 2.276622
36.046862 8.894477 8.412946 8.936618 10.485909 11.569447 11.783003 11.023594 3.401764
0.081551 0.803849 9.085991 2.888556 2.770918 0.143861 1.589696 2.512639 2.570193
31.992688 8.173825 1.737920 0.693933 1.619304 0.177365 2.269406 0.850345 0.454317
0.081765 9.450612 10.789486 9.308207 10.049403 4.133048 2.294311 4.541267 3.076006
50.018092 8.632055 0.403118 7.387487 1.346218 0.607226 0.662523 0.314635 11.465227
0.083666 2.634009 11.242471 3.331496 11.437242 9.779190 4.195186 0.259273 4.092157
50.096021 9.826543 11.784587 11.627640 6.919468 2.801796 3.505181 8.085172 6.884864
31.357223 5.696520 11.329423 5.503447 10.199668 6.426629 5.209215 0.293204 6.052317
0.083731 5.865362 2.601996 9.994949 6.018527 1.232780 4.372319 9.849624 1.474122
50.021359 9.637008 3.652837 4.114155 7.912094 0.467574 9.265714 8.281015 11.126945
6.707956 0.744223 8.249599 8.708339 10.158353 6.645601 10.108761 0.587027 9.105653
40.765510 11.799604 1.717757 9.932441 10.573594 0.845403 5.734384 8.865058 8.804843
0.082909 3.673417 3.489415 5.166185 6.603291 1.469533 1.565101 2.745458 1.283081
0.083308 5.361483 7.660344 3.685653 5.320871 7.983239 9.867326 3.828256 7.884540
32.000717 6.064841 1.889352 3.660919 1.261215 10.447462 8.147408 9.922503 11.352832
31.095566 2.804236 11.745385 11.316257 11.772766 0.803568 2.343090 5.080872 6.444917
0.083197 2.269489 2.416036 7.204195 2.780669 6.798575 6.608996 4.056076 11.879082
30.063082 2.475878 1.883607 4.826874 5.250910 11.700762 11.120930 3.696770 10.350991
31.621394 11.681743 3.390698 10.247916 10.815936 10.053050 9.027357 3.109575 11.365662
31.016064 10.165588 10.108496 9.325876 5.685064 10.213986 11.150213 0.290924 8.749048
35.409931 5.595837 7.094325 11.813973 10.164090 11.720367 4.138263 3.328359 3.796887
30.250942 2.165892 0.360843 1.557342 3.787273 8.778415 9.275764 1.782825 9.549595
12.372452 5.775325 8.122865 4.829796 1.849092 6.734015 11.391906 11.511545 11.879290
30.028273 1.116483 5.254310 3.743658 4.549811 11.947108 10.433907 11.374879 3.051658
31.320616 11.336130 9.369468 9.900218 8.834217 9.524071 4.861890 1.567343 1.914677
30.301119 0.339994 5.202084 1.721737 9.696445 0.021057 1.154658 5.060100 2.821368
0.084848 3.684079 5.225628 3.724037 10.991625 7.901036 2.122879 7.741247 0.423513
7.553087 0.369489 3.413411 1.358325 0.859481 6.972184 0.131532 10.122016 0.792741
31.934206 6.554103 10.948070 11.011544 7.422504 10.925660 10.726334 4.143514 11.956624
0.515849 2.886744 3.388161 9.584841 7.043339 3.621033 3.553341 2.702465 6.065301
30.328019 0.417932 10.854081 11.168891 7.079954 0.677377 10.585914 10.194187 6.824877
32.861606 3.168703 1.702814 0.395647 3.471766 10.726394 1.957254 11.867744 1.575629
0.087594 1.978476 6.030774 6.381833 7.488030 11.574822 6.830090 6.932063 11.249853
30.636743 5.134872 9.107789 11.077992 10.465389 11.560375 3.561124 8.520464 10.813173
50.011827 10.490408 9.943216 0.422513 10.873630 7.535190 6.871153 8.858244 6.098658
0.085634 7.824115 1.326022 6.175518 5.772631 0.818062 4.666118 9.662439 9.439868
8.527007 1.439727 4.943717 9.576801 3.032641 7.049752 0.440801 8.179562 9.921839
33.933733 3.724237 5.119473 7.386863 2.916176 10.136599 10.593569 11.139074 6.751605
30.686678 11.481724 10.817604 8.407013 9.761665 10.397096 10.658558 2.765416 7.517706
32.824578 2.730785 6.818199 6.720975 3.373230 10.466389 10.147639 7.775745 8.684022
13.021334 1.232867 0.580590 11.266567 7.376825 11.902768 5.721334 11.791891 6.864800
50.020081 2.789964 1.404207 1.564517 8.901889 1.659759 2.245825 4.757709 4.031946
0.087367 2.737519 5.286942 1.186868 1.525389 9.619544 3.058597 5.999142 6.275947
50.049224 1.913492 2.443295 1.801074 11.492357 8.984176 2.477424 7.988416 2.634762
0.085366 8.374385 2.456302 8.128495 1.494100 7.145658 9.275019 6.954978 8.207210
0.086774 8.918832 3.527836 2.212111 1.955475 0.909480 5.243745 3.259437 2.845265
30.781571 11.106814 9.864435 8.238935 5.629930 10.655268 11.788307 0.388026 9.897274
0.090771 0.301980 11.533374 1.900734 11.203709 2.841181 0.906648 8.070666 1.011930
26.590517 0.055528 0.369009 4.520486 1.986184 3.674698 3.239694 3.686516 7.008263
0.087756 2.670825 3.848910 2.722211 0.261094 0.185681 9.406198 0.223765 10.832726
34.177063 0.311609 11.929439 8.935690 11.786821 11.416584 5.659293 11.850427 10.235053
32.837821 3.708924 11.420833 1.363784 1.407285 0.008345 3.637877 4.430176 1.444093
33.229314 11.789317 5.809308 1.736995 6.139999 11.922331 9.150827 11.592285 11.158567
8.156532 8.838216 2.440410 9.217924 2.895362 7.364802 4.149262 8.671582 1.406677
32.370195 9.645771 9.578270 11.942892 2.541653 3.948226 9.148102 9.081114 11.535319
30.101662 9.937154 9.694702 10.911061 7.713756 7.544226 1.421653 11.027668 7.487773
6.269359 10.161374 7.915908 9.355946 4.302752 2.209625 0.122155 1.030977 3.953606
20.599577 2.503347 1.859642 9.691258 0.808399 5.887238 7.181018 4.380242 8.262707
32.971756 10.282886 10.807662 11.417947 10.800562 0.078443 0.503186 10.450706 5.332807
33.183625 10.555309 11.912114 11.355035 5.740515 1.499931 0.769872 4.639979 6.698948
0.091570 4.588021 5.371600 4.318696 1.733604 9.799667 2.180538 9.995674 4.875548
31.877627 4.576910 7.430943 7.257123 6.426656 8.761340 4.515759 1.460903 4.403068
50.010194 4.262191 10.562410 7.494362 7.488187 3.548897 0.896159 3.524472 2.816878
50.045794 4.262191 10.562410 7.494362 7.488187 3.548897 0.896159 3.524472 2.816878
50.022391 4.262191 10.562410 7.494362 7.488187 3.548897 0.896159 3.524472 2.816878