100.013088 10.926840 9.606704 8.950170 9.757354 4.599676 7.407351 6.905938 6.360620
8.690451 1.892612 0.035020 2.978160 4.155481 2.800065 9.070694 2.711132 5.381319
8.652692 1.892612 0.035020 2.978160 4.155481 2.800065 9.070694 2.711132 5.381319
100.007584 10.926840 9.606704 8.950170 9.757354 4.599676 7.407351 6.905938 6.360620
100.082077 1.294667 2.186730 1.189143 5.877166 2.318944 10.750699 1.189076 0.529987
11.450289 11.295606 2.929297 11.485322 6.129900 6.774958 11.924594 9.251807 3.765623
100.046510 3.417659 7.959822 7.227098 7.877555 3.719209 3.979726 2.258368 1.208201
8.743650 1.892612 0.035020 2.978160 4.155481 2.800065 9.070694 2.711132 5.381319
25.073942 9.940364 10.902533 8.463561 2.919964 7.070779 11.266800 10.746024 7.274714
100.007161 9.581331 1.927137 8.855170 9.084474 10.575733 5.150904 2.249793 3.636379
100.033581 8.917935 1.731734 0.819181 6.385638 8.927463 10.028803 8.647956 10.651471
8.256410 4.157305 11.145080 10.659800 9.480534 0.893644 5.037567 4.760692 4.955168
16.822478 9.941648 9.760827 11.461135 2.197437 8.045140 8.827158 9.834617 8.172216
100.000834 6.314575 9.562982 3.284111 3.512203 4.177823 10.511674 1.119830 2.480165
8.211432 6.265202 10.144321 10.776318 11.174745 5.491676 9.109939 11.265550 9.728409
7.413260 3.168703 1.702814 0.395647 3.471766 10.726394 1.957254 11.867744 1.575629
100.018423 2.730785 6.818199 6.720975 3.373230 10.466389 10.147639 7.775745 8.684022
100.048999 2.789964 1.404207 1.564517 8.901889 1.659759 2.245825 4.757709 4.031946
100.006931 0.055528 0.369009 4.520486 1.986184 3.674698 3.239694 3.686516 7.008263
100.065388 8.838216 2.440410 9.217924 2.895362 7.364802 4.149262 8.671582 1.406677
100.024180 2.503347 1.859642 9.691258 0.808399 5.887238 7.181018 4.380242 8.262707
